% DegC kOhms -- Adafruit: https://www.adafruit.com/product/372 
-40 277.200000
-39 263.600000
-38 250.100000
-37 236.800000
-36 224.000000
-35 211.500000
-34 199.600000
-33 188.100000
-32 177.300000
-31 167.000000
-30 157.200000
-29 148.100000
-28 139.400000
-27 131.300000
-26 123.700000
-25 116.600000
-24 110.000000
-23 103.700000
-22 97.900000
-21 92.500000
-20 87.430000
-19 82.790000
-18 78.440000
-17 74.360000
-16 70.530000
-15 66.920000
-14 63.540000
-13 60.340000
-12 57.330000
-11 54.500000
-10 51.820000
-9 49.280000
-8 46.890000
-7 44.620000
-6 42.480000
-5 40.450000
-4 38.530000
-3 36.700000
-2 34.970000
-1 33.330000
0 31.770000
1 30.250000
2 28.820000
3 27.450000
4 26.160000
5 24.940000
6 23.770000
7 22.670000
8 21.620000
9 20.630000
10 19.680000
11 18.780000
12 17.930000
13 17.120000
14 16.350000
15 15.620000
16 14.930000
17 14.260000
18 13.630000
19 13.040000
20 12.470000
21 11.920000
22 11.410000
23 10.910000
24 10.450000
25 10.000000
26 9.575000
27 9.170000
28 8.784000
29 8.416000
30 8.064000
31 7.730000
32 7.410000
33 7.106000
34 6.815000
35 6.538000
36 6.273000
37 6.020000
38 5.778000
39 5.548000
40 5.327000
41 5.117000
42 4.915000
43 4.723000
44 4.539000
45 4.363000
46 4.195000
47 4.034000
48 3.880000
49 3.733000
50 3.592000
51 3.457000
52 3.328000
53 3.204000
54 3.086000
55 2.972000
56 2.863000
57 2.759000
58 2.659000
59 2.564000
60 2.472000
61 2.384000
62 2.299000
63 2.218000
64 2.141000
65 2.066000
66 1.994000
67 1.926000
68 1.860000
69 1.796000
70 1.735000
71 1.677000
72 1.621000
73 1.567000
74 1.515000
75 1.465000
76 1.417000
77 1.371000
78 1.326000
79 1.284000
80 1.243000
81 1.203000
82 1.165000
83 1.128000
84 1.093000
85 1.059000
86 1.027000
87 0.995500
88 0.965400
89 0.936300
90 0.908300
91 0.881200
92 0.855000
93 0.829700
94 0.805200
95 0.781600
96 0.758700
97 0.736600
98 0.715200
99 0.694500
100 0.674400
101 0.655800
102 0.637600
103 0.619900
104 0.602600
105 0.585800
106 0.569400
107 0.553500
108 0.538000
109 0.522900
110 0.508300
111 0.494100
112 0.480300
113 0.466900
114 0.453900
115 0.441200
116 0.429000
117 0.417100
118 0.405500
119 0.394400
120 0.383500
121 0.373000
122 0.362800
123 0.353000
124 0.343400
125 0.334100
126 0.325300
127 0.316700
128 0.308300
129 0.300200
130 0.292400
131 0.284800
132 0.277400
133 0.270200
134 0.263300
135 0.256500
136 0.250000
137 0.243700
138 0.237500
139 0.231600
140 0.225800
141 0.220200
142 0.214800
143 0.209500
144 0.204400
145 0.199400
146 0.194600
147 0.190000
148 0.185500
149 0.181100
150 0.176900
151 0.172800
152 0.168800
153 0.165000
154 0.161200
155 0.157600
156 0.154100
157 0.150700
158 0.147400
159 0.144100
160 0.141000
161 0.137900
162 0.135000
163 0.132100
164 0.129300
165 0.126500
166 0.123900
167 0.121300
168 0.118700
169 0.116300
170 0.113900
171 0.111500
172 0.109200
173 0.107000
174 0.104800
175 0.102700
176 0.100600
177 0.098600
178 0.096600
179 0.094700
180 0.092800
181 0.090900
182 0.089100
183 0.087300
184 0.085600
185 0.083900
186 0.082200
187 0.080600
188 0.079000
189 0.077400
190 0.075900
191 0.074300
192 0.072900
193 0.071400
194 0.070000
195 0.068600
196 0.067200
197 0.065800
198 0.064500
199 0.063100
200 0.061900
